137996
141105
1463795
150531
1540732
1543759
162955
169355
2201575
2204105
2204132
2204268
2204312
2211578
2212482
2212504
2212619
227445
244713
244847
249541
251393
251401
251476
251829
269810
270104
277995
283536
285808
286051
286107
286713
287282
318425
322953
358586
359735
360405
361239
363231
364135
364253
366155
374465
378560
380564
381446
386387
386920
387497
389472
395632
396560
397092
398000
398956
399855
409418
410002
410139
5054
513103
545288
555506
608286
624661
624899
625768
625872
632442
684071
684150
687425
706385
838291
