10625
137845
13920
146774
146778
146820
146868
15121
15376
15408
15478
15554
15564
15599
15607
15608
160141
174523
18259
18294
18406
18426
18427
18491
204
2197794
2197796
2197810
2198006
2198910
2199540
2201367
288040
288045
288204
293616
293621
293633
294570
294798
294804
294815
294960
294982
295069
295102
295197
295207
295209
295226
295249
295252
295255
295257
295258
295289
295296
295299
295334
295336
295355
296417
296451
296453
296458
296506
296670
296744
296751
296829
296852
296896
296905
296913
296925
296967
296972
296975
297115
298017
321240
321760
322209
322212
322217
322227
34667
360600
387147
389167
389180
389202
389476
390197
390462
390802
390820
390826
391303
391357
395543
395555
395558
395573
396504
396886
398233
399543
417668
417880
46738
469627
470235
471477
47161
471687
471744
471757
471762
471768
471774
552433
552534
552597
552805
552945
553869
59115
610801
610927
611173
621516
621538
623272
656148
656300
656314
656428
656441
656442
656443
656461
656463
656474
656487
656510
656521
656536
656592
656608
656618
656639
656715
656752
656806
656835
656851
656899
656900
656942
656944
656958
656978
656998
657049
657050
657141
667841
671344
671881
671890
671913
671919
671924
672025
672055
672056
672305
674506
674517
674605
674606
674611
674615
674624
674659
674713
674754
674765
674778
674800
674816
674826
674855
674860
674876
682649
